v_feast/1.ppm v_feast/5.ppm 0.41444 0.045979 45.056 -0.13903 0.70238 133.45 -0.00029047 1.6717e-05 1.0008
v_feast/1.ppm v_feast/2.ppm 0.63263 0.001679 211.33 -0.027901 0.65071 172.66 -3.6475e-05 -1.5978e-05 1
v_feast/1.ppm v_feast/3.ppm 1.2862 -0.03549 281.9 0.19313 1.1314 -46.419 0.00040295 1.2606e-05 0.99878
v_feast/1.ppm v_feast/4.ppm 1.0582 -0.013384 562.45 0.1807 0.93712 36.472 0.00043718 5.9368e-06 0.99927
v_feast/1.ppm v_feast/6.ppm 0.285 0.025938 101.52 -0.13877 0.63427 141.75 -0.00032712 9.9498e-06 1.0019
v_cartooncity/1.ppm v_cartooncity/5.ppm 1.4851 0.019667 254.94 0.29789 1.4748 -221.33 0.0011733 8.9825e-05 1.0015
v_cartooncity/1.ppm v_cartooncity/2.ppm 0.73597 -0.0032436 13.11 0.017092 0.71039 36.002 5.8878e-05 -9.3828e-06 0.99995
v_cartooncity/1.ppm v_cartooncity/3.ppm 0.091252 0.0066749 132.72 -0.14667 0.47258 88.51 -0.00056772 8.3791e-06 1.0029
v_cartooncity/1.ppm v_cartooncity/4.ppm 1.4355 -0.0094101 -257.96 0.19471 1.2993 -196.36 0.00061631 5.1843e-05 0.9996
v_cartooncity/1.ppm v_cartooncity/6.ppm 0.032608 0.010774 198.34 -0.16134 0.44659 114.31 -0.00057725 -5.1566e-07 1.0017
v_weapons/1.ppm v_weapons/5.ppm 0.52949 -0.028655 46.849 -0.2451 0.79991 158.44 -0.00032499 -1.8164e-05 0.99959
v_weapons/1.ppm v_weapons/2.ppm 1.3413 0.006176 153.28 0.30309 1.1645 -105.38 0.00039231 -4.6409e-05 0.99937
v_weapons/1.ppm v_weapons/3.ppm 1.6413 0.074225 91.097 0.77035 1.5061 -362.72 0.0010583 -7.1897e-05 1.0011
v_weapons/1.ppm v_weapons/4.ppm 1.1346 -0.16977 -78.128 -0.0017173 0.8512 -82.973 8.0333e-07 -0.00031449 0.99917
v_weapons/1.ppm v_weapons/6.ppm 0.46288 -0.016626 22.437 -0.26713 0.81047 151.27 -0.00036789 7.646e-06 0.99855
v_bees/1.ppm v_bees/5.ppm 0.38854 -0.073106 92.576 -0.1986 0.7319 139.21 -0.00040811 -1.555e-05 0.99988
v_bees/1.ppm v_bees/2.ppm 1.4272 0.064496 -40.82 0.15764 1.3161 -94.847 0.00037033 4.6015e-05 0.99258
v_bees/1.ppm v_bees/3.ppm 0.83735 -0.144 44.873 -0.010997 0.77353 -1.6104 -8.3912e-05 -0.00016819 0.99985
v_bees/1.ppm v_bees/4.ppm 0.6416 -0.085322 103.05 -0.075608 0.76092 33.323 -0.00022058 -3.8989e-05 1.0011
v_bees/1.ppm v_bees/6.ppm 1.4259 0.070724 58.865 0.39243 1.3442 -170.04 0.00084248 0.00011346 0.98851
v_artisans/1.ppm v_artisans/5.ppm 0.012717 0.014394 193.52 -0.12386 0.60301 126.7 -0.00063953 7.9665e-05 1.0012
v_artisans/1.ppm v_artisans/2.ppm 0.87235 0.023622 101.75 0.12982 0.76075 59.456 0.0005519 9.0915e-05 1.0016
v_artisans/1.ppm v_artisans/3.ppm 1.1884 0.015274 95.776 0.23282 1.0681 -20.551 0.00097623 0.00015903 1.0014
v_artisans/1.ppm v_artisans/4.ppm 0.18301 0.029092 174.4 -0.087278 0.47983 116.36 -0.00037876 4.7913e-05 1.0017
v_artisans/1.ppm v_artisans/6.ppm 0.22888 0.0058691 272.09 -0.077153 0.3923 203.08 -0.00024299 -4.5827e-06 1.0015
v_eastsouth/1.ppm v_eastsouth/5.ppm 0.38914 0.285 169.51 -0.28531 0.39347 340.1 -6.4617e-06 5.0341e-06 1
v_eastsouth/1.ppm v_eastsouth/2.ppm 0.83129 0.00294 81.765 -0.011403 0.83158 63.28 -7.0021e-06 -1.5701e-05 1
v_eastsouth/1.ppm v_eastsouth/3.ppm 0.57087 0.40539 -1.0704 -0.41125 0.56924 274.36 -2.4626e-06 -1.639e-05 1
v_eastsouth/1.ppm v_eastsouth/4.ppm 0.29231 0.55208 102.92 -0.54997 0.29601 523.18 -1.2173e-06 8.5254e-06 1.0006
v_eastsouth/1.ppm v_eastsouth/6.ppm 0.37107 -0.09213 318.73 0.086334 0.37505 188.02 -1.0814e-05 -3.6548e-06 1
v_azzola/1.ppm v_azzola/5.ppm 1.8831 -0.0066762 278.06 0.5813 1.2837 -133.49 0.0013129 -2.6322e-05 0.99687
v_azzola/1.ppm v_azzola/2.ppm 0.51123 -0.013639 59.603 -0.16055 0.85238 103.24 -0.0003334 -4.0403e-05 1.0009
v_azzola/1.ppm v_azzola/3.ppm 0.33492 -0.0051126 63.132 -0.19841 0.81318 98.482 -0.00041298 -2.8119e-05 0.99833
v_azzola/1.ppm v_azzola/4.ppm 1.2309 -0.010933 155.36 0.16039 0.95916 7.0393 0.00035252 -6.126e-06 1.0009
v_azzola/1.ppm v_azzola/6.ppm 1.9834 -0.0016422 376.55 0.84 1.4832 -241.61 0.0019136 -3.8955e-05 1.0014
v_circus/1.ppm v_circus/5.ppm 0.50818 0.074933 22.63 -0.21583 0.79572 83.496 -0.00030935 1.4554e-05 1.0012
v_circus/1.ppm v_circus/2.ppm 0.77044 -0.014353 152.19 0.007827 0.75172 76.397 1.9039e-05 -2.1554e-05 1
v_circus/1.ppm v_circus/3.ppm 1.6477 -0.037624 101.59 0.49962 1.5725 -364.98 0.00090272 4.6589e-05 1.0037
v_circus/1.ppm v_circus/4.ppm 1.8278 -0.0075993 72.268 0.68643 1.8832 -550.61 0.0012853 4.1209e-05 1.006
v_circus/1.ppm v_circus/6.ppm 0.33414 0.069646 90.22 -0.25229 0.73446 157.67 -0.00038885 2.2582e-06 1.0024
v_home/1.ppm v_home/5.ppm 0.14705 0.061323 72.893 -0.27582 0.69094 109.44 -0.00056993 1.3825e-06 0.9981
v_home/1.ppm v_home/2.ppm 1.1943 0.010001 372.77 0.22686 1.0937 -67.914 0.00058802 5.2037e-05 0.99941
v_home/1.ppm v_home/3.ppm 1.6044 -0.0012313 417.81 0.40687 1.5171 -277.33 0.0010368 7.612e-05 1.0022
v_home/1.ppm v_home/4.ppm 0.31219 0.045878 83.286 -0.17918 0.6159 158.49 -0.00037093 1.0056e-05 0.99747
v_home/1.ppm v_home/6.ppm 0.46621 0.44954 88.514 -0.47325 0.5239 416.66 -8.9589e-05 1.9429e-05 1
v_vitro/1.ppm v_vitro/5.ppm 0.62091 -0.030805 57.622 -0.22703 0.84222 -13.023 -0.00037179 -4.2767e-05 0.99852
v_vitro/1.ppm v_vitro/2.ppm 1.1442 -0.037625 115.5 0.22206 1.0286 -30.039 0.00032815 -2.4116e-05 0.9999
v_vitro/1.ppm v_vitro/3.ppm 1.3849 -0.016724 142.49 0.39374 1.2561 -188.47 0.00065186 1.5824e-07 1
v_vitro/1.ppm v_vitro/4.ppm 1.5534 0.017684 158.94 0.56083 1.4841 -343.65 0.0010107 3.8363e-05 0.99895
v_vitro/1.ppm v_vitro/6.ppm 0.46926 0.016718 28.146 -0.30323 0.88763 81.324 -0.0005249 1.1982e-05 0.99946
v_bark/1.ppm v_bark/5.ppm 0.30367 0.12862 200.05 -0.12888 0.30356 134.47 2.6855e-07 -3.4026e-07 1
v_bark/1.ppm v_bark/2.ppm 0.70212 0.43231 -128.54 -0.42351 0.70276 199.3 6.3285e-06 1.2175e-05 0.99997
v_bark/1.ppm v_bark/3.ppm -0.47246 -0.28359 869.57 0.29041 -0.47016 396.67 5.0949e-06 1.2499e-05 0.99998
v_bark/1.ppm v_bark/4.ppm -0.19998 0.34647 247.36 -0.34607 -0.19989 467.21 2.0354e-07 -5.1701e-08 1
v_bark/1.ppm v_bark/6.ppm -0.21679 -0.12572 585.55 0.12463 -0.21699 355.1 -1.085e-06 -1.8818e-06 1.0002
v_wall/1.ppm v_wall/5.ppm 1.5651 0.059459 115.41 0.30159 1.5966 -208.27 0.00086121 5.4711e-05 1.0072
v_wall/1.ppm v_wall/2.ppm 0.66178 0.015003 22.041 -0.16513 0.77183 109.74 -0.00034547 -3.4248e-07 1.0008
v_wall/1.ppm v_wall/3.ppm 0.48882 0.0079397 13.575 -0.24956 0.69593 149.6 -0.00053246 -7.8574e-06 1.0026
v_wall/1.ppm v_wall/4.ppm 1.0478 0.035143 64.843 0.063507 1.0349 21.701 0.00023044 -6.878e-06 0.99998
v_wall/1.ppm v_wall/6.ppm 0.28973 0.014397 100.07 -0.29955 0.64174 168.27 -0.00067332 7.239e-06 1.0017
v_wounded/1.ppm v_wounded/5.ppm 0.54693 0.20925 -108.35 -0.082341 1.1176 -236.48 -0.0006026 0.0001769 1.0001
v_wounded/1.ppm v_wounded/2.ppm 0.84581 -0.039469 34.117 -0.067529 0.81703 142.37 -0.00011408 -0.00014793 1.0014
v_wounded/1.ppm v_wounded/3.ppm 3.1418 0.21701 -576.91 0.129 3.5039 -1062.5 0.0014143 0.00082533 0.98844
v_wounded/1.ppm v_wounded/4.ppm 3.6199 0.1243 -2.4307 0.35256 5.1536 -1935.2 0.0029372 0.0011148 1
v_wounded/1.ppm v_wounded/6.ppm 0.3184 0.1614 32.607 0.092973 1.2239 -454.36 -0.00072537 0.00028453 0.99713
v_colors/1.ppm v_colors/5.ppm 3.6877 -0.088102 -163.13 0.97688 3.3164 -1085.4 0.0018885 -5.1402e-05 1.0136
v_colors/1.ppm v_colors/2.ppm 1.3186 -0.0097277 -143.16 0.094663 1.1956 -58.383 0.00019153 -2.0281e-05 0.99989
v_colors/1.ppm v_colors/3.ppm 1.6408 -0.0013389 -221.64 0.1704 1.44 -155.56 0.00036369 -3.22e-05 1.0003
v_colors/1.ppm v_colors/4.ppm 3.1627 -0.045434 -351.49 0.7877 2.8197 -842.9 0.0015033 -3.676e-05 1.0055
v_colors/1.ppm v_colors/6.ppm 3.7671 -0.00097096 96.421 1.0105 3.4675 -1134.7 0.0019926 -3.5656e-05 1.0238
v_soldiers/1.ppm v_soldiers/5.ppm 0.29858 0.0403 -122.67 -0.38113 0.61838 172.03 -0.00071255 -1.0448e-06 0.97348
v_soldiers/1.ppm v_soldiers/2.ppm 1.3522 0.025037 96.693 0.20588 1.5085 -279.44 0.000418 4.2466e-05 1.0103
v_soldiers/1.ppm v_soldiers/3.ppm 0.43124 0.047668 -66.525 -0.34772 0.62068 209.27 -0.00060194 -2.1104e-07 0.98648
v_soldiers/1.ppm v_soldiers/4.ppm 0.29534 0.035751 -56.21 -0.35718 0.5432 233.53 -0.00064211 -1.1093e-05 0.97783
v_soldiers/1.ppm v_soldiers/6.ppm 0.44469 -0.1629 197.72 -0.090792 0.33606 37.55 -0.00032851 -0.00028415 1.0004
v_grace/1.ppm v_grace/5.ppm 0.27023 0.0025009 10.742 -0.13748 0.80553 82.96 -0.00035608 -3.7961e-07 0.99989
v_grace/1.ppm v_grace/2.ppm 0.74922 -0.0014388 -75.597 -0.074158 0.94323 40.455 -0.00018126 -6.2301e-06 1
v_grace/1.ppm v_grace/3.ppm 0.54864 -0.010797 -6.1494 -0.11876 0.86651 111.28 -0.00026448 -1.8961e-05 1
v_grace/1.ppm v_grace/4.ppm 0.37618 -0.0026073 58.013 -0.13988 0.81886 117.4 -0.00032276 -1.1378e-05 0.99983
v_grace/1.ppm v_grace/6.ppm 0.15155 0.010889 56.416 -0.15905 0.83268 58.992 -0.0004153 5.8391e-06 0.99868
v_wapping/1.ppm v_wapping/5.ppm 0.24942 0.11134 -16.298 -0.18535 0.6455 77.242 -0.00051592 1.6642e-05 0.99907
v_wapping/1.ppm v_wapping/2.ppm 1.1901 -0.048587 107.72 0.14488 1.1926 -121.84 0.00033622 1.1241e-05 1.0001
v_wapping/1.ppm v_wapping/3.ppm 0.35568 0.079611 -21.49 -0.17793 0.7199 62.24 -0.00050458 1.9913e-05 0.9982
v_wapping/1.ppm v_wapping/4.ppm 1.3231 -0.10518 226.69 0.35118 1.4445 -217.52 0.00076877 -2.4515e-05 0.99903
v_wapping/1.ppm v_wapping/6.ppm 0.10472 0.069057 99.841 -0.17731 0.5329 107.18 -0.00051255 -1.3734e-05 0.98616
v_birdwoman/1.ppm v_birdwoman/5.ppm 1.2108 -0.031741 47.374 0.20996 1.0345 -107.36 0.00054926 -6.3631e-06 1.0004
v_birdwoman/1.ppm v_birdwoman/2.ppm 0.49202 0.0057754 242.06 0.058005 0.43541 166.02 0.00018017 1.0746e-05 0.99974
v_birdwoman/1.ppm v_birdwoman/3.ppm 0.030125 -0.01797 299.5 -0.19573 0.45869 167.74 -0.00051291 -3.9704e-05 1.0019
v_birdwoman/1.ppm v_birdwoman/4.ppm 1.141 -0.024147 186.42 0.29573 0.97376 -60.872 0.00082251 -1.0843e-05 0.99973
v_birdwoman/1.ppm v_birdwoman/6.ppm 0.36677 -0.019493 213.68 -0.082321 0.47708 180.81 -0.00021125 -4.1441e-05 1.0123
v_fest/1.ppm v_fest/5.ppm 2.1479 0.036813 206.94 0.67819 1.8174 -485.8 0.0012074 -6.8043e-06 0.99599
v_fest/1.ppm v_fest/2.ppm 0.75268 -0.0092452 -71.273 -0.17607 0.97566 6.3105 -0.00029582 -1.5187e-05 0.99957
v_fest/1.ppm v_fest/3.ppm 0.41873 -0.043533 -18.562 -0.27021 0.88041 53.791 -0.00050299 -2.2546e-05 0.99941
v_fest/1.ppm v_fest/4.ppm 1.6996 0.02142 200.09 0.31149 1.4251 -246.25 0.00053609 -6.8541e-05 0.99889
v_fest/1.ppm v_fest/6.ppm 2.5614 0.083075 163.07 0.94137 2.2586 -732.08 0.0017783 2.1603e-05 0.99316
v_talent/1.ppm v_talent/5.ppm 1.4932 0.01661 231.74 0.45676 1.4341 -212.29 0.0013256 9.9938e-05 0.99686
v_talent/1.ppm v_talent/2.ppm 0.1857 -0.0018512 147.73 -0.094288 0.35154 277.67 -0.00019671 -1.563e-05 0.9996
v_talent/1.ppm v_talent/3.ppm 0.1176 -0.0075311 194.61 -0.10067 0.3391 257.1 -0.00023555 -9.6091e-06 0.99858
v_talent/1.ppm v_talent/4.ppm 1.0063 -0.0054085 288.55 0.23295 0.84053 7.8206 0.0005941 1.4583e-05 1.0001
v_talent/1.ppm v_talent/6.ppm 0.040904 -0.0023332 234.76 -0.10713 0.35038 218.5 -0.00028907 6.311e-06 1.0035
v_man/1.ppm v_man/5.ppm 1.2895 0.43518 -118.46 -0.025956 1.4233 161.89 -3.0413e-05 0.00069874 1.0013
v_man/1.ppm v_man/2.ppm 0.47589 0.042551 60.888 -0.21388 0.80238 62.033 -0.0003663 2.6901e-05 1.001
v_man/1.ppm v_man/3.ppm 1.5642 -0.086387 479.53 0.50209 1.3744 -334.95 0.00079484 -8.9305e-05 1
v_man/1.ppm v_man/4.ppm 0.87713 -0.25916 166.9 -0.0030449 0.28824 111.17 3.8634e-05 -0.00052869 0.99838
v_man/1.ppm v_man/6.ppm 0.37385 0.075936 47.561 -0.22732 0.7873 114.73 -0.00042033 6.4182e-05 0.99982
v_posters/1.ppm v_posters/5.ppm 0.15114 -0.00089399 241.66 -0.078633 0.45918 14.453 -0.00033245 3.1152e-05 0.99996
v_posters/1.ppm v_posters/2.ppm 0.60665 -0.013034 217.78 0.087451 0.52146 32.707 0.00021516 2.9281e-07 1.0006
v_posters/1.ppm v_posters/3.ppm 0.78572 0.022012 160.43 0.091014 0.68577 -76.855 0.00029686 4.2427e-05 0.99967
v_posters/1.ppm v_posters/4.ppm 0.42945 0.0071566 96.266 -0.019537 0.48377 43.049 -7.8698e-05 1.6013e-05 1.0001
v_posters/1.ppm v_posters/6.ppm 1.1755 0.0098744 199.24 0.2753 1.0629 -287.64 0.00086466 9.2285e-05 0.99797
v_graffiti/1.ppm v_graffiti/5.ppm 0.62147 0.055609 221.79 0.21978 1.1561 -23.942 0.00048557 -4.4311e-05 0.99866
v_graffiti/1.ppm v_graffiti/2.ppm 0.88184 0.31397 -39.976 -0.18167 0.93621 153.25 0.00020118 -1.9028e-05 0.99997
v_graffiti/1.ppm v_graffiti/3.ppm 0.76922 -0.28498 222.68 0.33855 1.0341 -81.069 0.00035349 1.2014e-05 0.99834
v_graffiti/1.ppm v_graffiti/4.ppm 0.66581 0.6777 -31.246 -0.14346 0.96853 148.92 0.00042869 -1.7355e-05 0.99928
v_graffiti/1.ppm v_graffiti/6.ppm 0.43838 -0.67655 457.54 0.45425 1.035 -50.458 0.00054263 -6.2972e-05 1.006
v_strand/1.ppm v_strand/5.ppm 0.45841 0.038317 36.428 -0.26806 0.75693 165.6 -0.00037539 -1.4035e-05 1.0016
v_strand/1.ppm v_strand/2.ppm 0.98278 -0.0048237 22.209 -0.012055 0.97088 45.658 -7.6753e-06 -2.3467e-05 1.0001
v_strand/1.ppm v_strand/3.ppm 0.73064 -0.15447 105.22 -0.058424 0.44937 109.29 -2.5324e-05 -0.00034262 0.999
v_strand/1.ppm v_strand/4.ppm 1.4237 -0.048115 88.765 0.39834 1.2489 -257.76 0.00060637 -4.3118e-05 0.99744
v_strand/1.ppm v_strand/6.ppm 1.3188 -0.059948 132.47 0.56633 1.1871 -154.91 0.00084606 -6.2986e-05 0.99442
v_london/1.ppm v_london/5.ppm 1.3838 0.024181 -93.882 0.093344 1.307 -232.76 0.00015995 6.7546e-05 1.0008
v_london/1.ppm v_london/2.ppm 0.88632 -0.012492 -136.92 -0.047209 1.0157 42.178 -0.0001423 1.8595e-05 1.0005
v_london/1.ppm v_london/3.ppm 0.86273 0.030727 -257.65 -0.081274 1.0175 -48.986 -0.00016043 4.4449e-05 1.0008
v_london/1.ppm v_london/4.ppm 2.4144 -0.0022023 -199.3 0.52146 2.0547 -569.49 0.0010423 8.4489e-05 1.0043
v_london/1.ppm v_london/6.ppm 0.77105 -0.097833 -3.6994 -0.092675 0.81167 92.799 -0.0001392 -0.00012806 0.99964
v_maskedman/1.ppm v_maskedman/5.ppm 0.42184 0.014193 101.85 -0.1354 0.82504 67.413 -0.00043768 2.8719e-06 1.0054
v_maskedman/1.ppm v_maskedman/2.ppm 1.3903 -0.069797 29.319 0.18963 1.0284 22.049 0.00052989 -9.8197e-05 1.0021
v_maskedman/1.ppm v_maskedman/3.ppm 1.7312 -0.086578 129.17 0.3882 1.1026 -2.2164 0.0010948 -0.00011788 1.0024
v_maskedman/1.ppm v_maskedman/4.ppm 0.38922 0.015343 55.85 -0.1763 0.84543 87.344 -0.00049385 -2.1034e-05 1.0072
v_maskedman/1.ppm v_maskedman/6.ppm 3.1099 -0.15145 356.98 1.1835 2.0817 -344.77 0.0035988 -0.00015385 1.0052
v_churchill/1.ppm v_churchill/5.ppm 0.70161 0.023304 -1.9207 -0.10366 0.81239 71.251 -0.00023167 -1.5062e-05 0.99976
v_churchill/1.ppm v_churchill/2.ppm 2.3594 0.0026252 -116.05 0.5085 2.302 -550.96 0.0013826 0.0001837 1.0004
v_churchill/1.ppm v_churchill/3.ppm 3.1627 0.083211 -238.71 0.86697 3.35 -963.79 0.0025774 0.00035047 0.99171
v_churchill/1.ppm v_churchill/4.ppm 0.31237 0.099342 8.5389 -0.29392 0.92363 14.629 -0.00074642 6.3257e-05 0.99168
v_churchill/1.ppm v_churchill/6.ppm 0.14983 0.088928 71.215 -0.29686 0.83924 37.506 -0.00076645 4.1728e-05 0.9906
v_laptop/1.ppm v_laptop/5.ppm 0.28947 -0.64679 587.37 0.61874 0.31055 -37.668 -5.8406e-05 -3.3276e-06 1.0417
v_laptop/1.ppm v_laptop/2.ppm 0.85555 -0.17378 91.59 0.17068 0.85755 -31.264 -5.1182e-06 2.0966e-06 1.0023
v_laptop/1.ppm v_laptop/3.ppm 0.60879 -0.35761 289.93 0.34822 0.61653 -30.949 -2.0912e-05 1.3527e-06 1.014
v_laptop/1.ppm v_laptop/4.ppm 0.4591 -0.47767 436.55 0.46479 0.46941 -27.514 -2.7182e-05 -1.2668e-06 1.0191
v_laptop/1.ppm v_laptop/6.ppm 0.23209 -0.67097 528.16 0.66389 0.2516 -30.266 -3.168e-05 2.5631e-05 1.0087
v_blueprint/1.ppm v_blueprint/5.ppm 0.27317 0.041297 84.951 -0.22859 0.68736 124.47 -0.00041264 5.2763e-05 1.0003
v_blueprint/1.ppm v_blueprint/2.ppm 1.3067 0.060975 22.417 0.23316 1.1321 -91.859 0.00051223 4.1888e-05 0.99955
v_blueprint/1.ppm v_blueprint/3.ppm 1.547 0.11677 155.75 0.40373 1.373 -170.1 0.00090791 8.8782e-05 1.0012
v_blueprint/1.ppm v_blueprint/4.ppm 0.52064 0.019326 41.006 -0.1476 0.75468 101.84 -0.00026848 4.5639e-05 1.0094
v_blueprint/1.ppm v_blueprint/6.ppm 0.18178 0.033268 82.883 -0.24959 0.68306 123.62 -0.0004688 5.3047e-05 1.0005
v_abstract/1.ppm v_abstract/5.ppm 0.4391 -0.010813 -19.376 -0.20742 0.72173 148.54 -0.00038738 5.9533e-06 0.99821
v_abstract/1.ppm v_abstract/2.ppm 0.7088 -0.010965 -26.07 -0.13602 0.83489 103.19 -0.00023352 -1.5615e-05 1.0004
v_abstract/1.ppm v_abstract/3.ppm 1.5134 -0.0029581 20.934 0.2678 1.4062 -232.68 0.00048583 -4.0311e-06 1.0006
v_abstract/1.ppm v_abstract/4.ppm 1.9861 0.031586 27.893 0.62141 1.9607 -531.99 0.0011993 -1.9815e-05 0.99978
v_abstract/1.ppm v_abstract/6.ppm 0.2024 0.0033266 96.15 -0.28093 0.65512 201.73 -0.00049784 1.8106e-06 1.0048
v_dogman/1.ppm v_dogman/5.ppm 0.31269 -0.011782 51.842 -0.22276 0.71181 65.24 -0.00081452 -4.173e-05 0.99309
v_dogman/1.ppm v_dogman/2.ppm 0.49838 -0.015725 33.278 -0.18045 0.77392 59.799 -0.00064863 -4.2793e-05 0.99978
v_dogman/1.ppm v_dogman/3.ppm 1.0819 0.012805 66.799 0.075853 1.006 5.6909 0.00034273 -2.4626e-05 1.0003
v_dogman/1.ppm v_dogman/4.ppm 2.9721 0.034514 6.1536 0.86739 2.9829 -532.95 0.0035453 0.00017204 0.95976
v_dogman/1.ppm v_dogman/6.ppm -0.036838 -0.012358 166.5 -0.28304 0.70203 61.488 -0.0011124 -1.7983e-05 0.99335
v_astronautis/1.ppm v_astronautis/5.ppm 2.4665 0.083695 233.31 0.87021 2.8235 -936.68 0.0017821 0.0001592 0.98707
v_astronautis/1.ppm v_astronautis/2.ppm 0.7855 0.039826 119.05 -0.25749 1.3451 -220.69 -0.00047304 5.3677e-05 1.001
v_astronautis/1.ppm v_astronautis/3.ppm 0.55202 0.096567 108.66 -0.35774 1.4927 -276.32 -0.00068886 0.0001065 0.98986
v_astronautis/1.ppm v_astronautis/4.ppm 2.2078 0.054458 63.617 0.67654 2.2557 -637.98 0.0013191 8.5079e-05 1.0033
v_astronautis/1.ppm v_astronautis/6.ppm 1.7761 -0.053427 263.17 0.41751 1.5987 -329.46 0.00069677 3.1372e-05 1.0014
v_boat/1.ppm v_boat/5.ppm 0.10114 0.52631 205.32 -0.52388 0.091046 533.83 1.0754e-05 -5.5879e-06 1
v_boat/1.ppm v_boat/2.ppm 0.85799 0.21669 9.4839 -0.21177 0.85855 130.48 1.5015e-06 9.2033e-07 1
v_boat/1.ppm v_boat/3.ppm 0.56889 0.47042 25.352 -0.46789 0.56534 348.28 6.3154e-06 -9.5451e-07 1
v_boat/1.ppm v_boat/4.ppm 0.39176 -0.48622 421.69 0.48543 0.39488 -0.097812 2.3979e-06 -3.3236e-06 1
v_boat/1.ppm v_boat/6.ppm 0.4221 -0.055916 265.09 0.060544 0.41967 174.7 7.7273e-06 -2.0972e-06 0.99999
v_beyus/1.ppm v_beyus/5.ppm 0.13896 0.020204 194.37 -0.25201 0.63798 118.99 -0.00052359 2.2762e-05 0.9996
v_beyus/1.ppm v_beyus/2.ppm 0.27763 0.016633 143.11 -0.20529 0.5999 174.48 -0.00040227 5.9586e-06 1.0007
v_beyus/1.ppm v_beyus/3.ppm 1.441 -0.037212 269.33 0.73295 1.6438 -380.65 0.0014226 4.1601e-05 1.0102
v_beyus/1.ppm v_beyus/4.ppm 0.55347 0.01345 110.12 -0.085938 0.64894 151.2 -0.00016395 1.1079e-05 0.99926
v_beyus/1.ppm v_beyus/6.ppm 1.1529 0.012747 244.44 0.41529 1.1943 -155.59 0.00087156 5.6224e-05 1.0092
v_busstop/1.ppm v_busstop/5.ppm 0.45287 0.0061881 100.32 -0.053734 0.66556 61.961 -0.00023168 -5.8559e-06 1.0005
v_busstop/1.ppm v_busstop/2.ppm 1.3507 -0.1242 301.54 0.18153 1.2018 -105.44 0.00036883 5.1928e-06 1.0001
v_busstop/1.ppm v_busstop/3.ppm 1.7666 -0.18359 402.86 0.29188 1.5785 -270.63 0.00065168 3.408e-05 0.99809
v_busstop/1.ppm v_busstop/4.ppm 0.48531 0.10549 -95.005 -0.11843 0.77202 44.217 -0.00029301 2.8434e-05 0.99773
v_busstop/1.ppm v_busstop/6.ppm 0.57125 -0.095863 127.19 0.050302 0.75099 -13.911 -0.00020485 1.2421e-06 0.9999
v_underground/1.ppm v_underground/5.ppm 0.34904 -0.0038637 -43.899 -0.22316 0.99346 45.579 -0.00041195 -1.2246e-05 1
v_underground/1.ppm v_underground/2.ppm 0.84196 -0.0011189 -94.257 -0.071483 0.95374 58.247 -0.00012617 -1.0212e-05 1
v_underground/1.ppm v_underground/3.ppm 0.57079 0.0076829 -45.295 -0.15447 0.93183 62.276 -0.00028402 -5.8827e-06 0.99996
v_underground/1.ppm v_underground/4.ppm 0.49174 0.0072073 -96.674 -0.16871 0.98991 -12.923 -0.00035092 4.4137e-06 1
v_underground/1.ppm v_underground/6.ppm 0.17444 0.0011895 69.744 -0.23614 0.98005 26.512 -0.00045721 -5.9312e-06 0.99651
v_bricks/1.ppm v_bricks/5.ppm 0.42186 0.031568 60.169 -0.084563 0.88575 93.738 -0.00032749 1.4457e-05 1.0012
v_bricks/1.ppm v_bricks/2.ppm 0.79208 0.010314 26.019 -0.023778 0.92337 43.513 -0.00011513 1.2161e-05 1.0003
v_bricks/1.ppm v_bricks/3.ppm 0.67444 0.023361 37.089 -0.047926 0.90094 60.932 -0.00018688 1.1402e-05 1.0007
v_bricks/1.ppm v_bricks/4.ppm 0.54372 0.011697 65.787 -0.06271 0.8727 105.67 -0.00025117 2.4814e-06 0.99967
v_bricks/1.ppm v_bricks/6.ppm 0.25783 0.033312 121.63 -0.10233 0.90855 89.437 -0.00042135 2.0313e-05 1.0019
v_gardens/1.ppm v_gardens/5.ppm 0.22838 0.03913 28.694 -0.27439 0.85037 47.532 -0.00058928 2.8556e-05 0.99128
v_gardens/1.ppm v_gardens/2.ppm 2.2787 0.023843 -30.321 0.58793 1.9158 -459.28 0.0012782 -6.6868e-06 0.99971
v_gardens/1.ppm v_gardens/3.ppm 3.4851 0.086317 195.9 1.1598 3.067 -1009.5 0.0025647 -5.4567e-05 0.99349
v_gardens/1.ppm v_gardens/4.ppm 0.53266 0.0019756 44.297 -0.18137 0.85955 61.945 -0.00038035 1.4705e-06 0.9999
v_gardens/1.ppm v_gardens/6.ppm 0.50506 -0.382 264.45 0.21481 0.76151 -163.83 -0.00031598 2.5931e-05 0.99747
v_apprentices/1.ppm v_apprentices/5.ppm 0.2564 0.092521 94.187 -0.28031 0.83589 -0.15652 -0.00048968 6.0866e-05 1.0015
v_apprentices/1.ppm v_apprentices/2.ppm 1.0246 0.016435 0.71016 0.043099 1.0208 -52.406 6.6741e-05 4.9081e-05 1.0002
v_apprentices/1.ppm v_apprentices/3.ppm 0.60367 0.071352 -36.528 -0.21232 0.96671 -45.299 -0.00036835 6.7456e-05 0.99996
v_apprentices/1.ppm v_apprentices/4.ppm 0.3794 0.089822 49.168 -0.27745 0.88349 -5.6379 -0.00046319 5.6849e-05 0.99886
v_apprentices/1.ppm v_apprentices/6.ppm 1.3526 0.026797 436.87 0.31517 1.3826 -234.04 0.00076901 0.00022984 1.0039
v_bird/1.ppm v_bird/5.ppm 2.6177 0.042575 -65.797 0.74359 2.3954 -903.27 0.0018892 8.2816e-05 0.98996
v_bird/1.ppm v_bird/2.ppm 0.32788 -0.00026656 168.52 -0.087696 0.49289 72.043 -0.00025798 4.6006e-06 0.9984
v_bird/1.ppm v_bird/3.ppm 0.20876 0.015221 174.06 -0.13382 0.55012 11.64 -0.00044084 3.575e-05 1.0177
v_bird/1.ppm v_bird/4.ppm 1.2869 -0.0035671 90.117 0.34981 1.1421 -290.48 0.0010338 2.5575e-05 0.99928
v_bird/1.ppm v_bird/6.ppm -0.033259 0.0089485 255.62 -0.18361 0.67279 -86.488 -0.00071771 6.9157e-05 1.0093
v_calder/1.ppm v_calder/5.ppm 0.16406 0.0020015 107.23 -0.34078 0.54946 250.93 -0.00059329 6.6478e-05 0.99713
v_calder/1.ppm v_calder/2.ppm 0.94726 0.076953 177.36 0.25112 1.0126 13.205 0.00047269 2.7805e-05 0.99969
v_calder/1.ppm v_calder/3.ppm 0.58099 -0.029382 -20.47 -0.29479 0.73128 188.62 -0.00043803 -4.3076e-05 1.0007
v_calder/1.ppm v_calder/4.ppm 0.85808 0.047104 268.37 0.41767 1.0391 -12.99 0.00069114 2.6931e-05 1.0008
v_calder/1.ppm v_calder/6.ppm 0.056448 -0.012851 135.19 -0.38625 0.54689 255.61 -0.00066718 5.392e-05 1.0012
v_dirtywall/1.ppm v_dirtywall/5.ppm 0.32103 -0.020462 150.98 -0.30727 0.6518 239.55 -0.00048011 -4.9961e-05 1.0006
v_dirtywall/1.ppm v_dirtywall/2.ppm 0.55616 0.0088234 83.342 -0.19782 0.70845 195.76 -0.00029305 -3.175e-05 0.99884
v_dirtywall/1.ppm v_dirtywall/3.ppm 1.0983 -0.030393 111.31 0.31879 0.9789 58.516 0.00050073 -5.3943e-05 1.0005
v_dirtywall/1.ppm v_dirtywall/4.ppm 1.2538 -0.038044 100.11 0.63699 1.2544 -115.45 0.0010164 -4.8156e-05 0.99683
v_dirtywall/1.ppm v_dirtywall/6.ppm 0.20748 -0.0078464 167.04 -0.30508 0.56423 285.96 -0.000471 -4.4678e-05 1
v_coffeehouse/1.ppm v_coffeehouse/5.ppm 0.48225 -0.0073572 233.85 -0.0682 0.71348 133.06 -0.000148 -6.4338e-06 0.99959
v_coffeehouse/1.ppm v_coffeehouse/2.ppm 0.48785 -0.018559 180.98 -0.074731 0.78345 83.419 -0.00019936 1.4194e-06 1.0001
v_coffeehouse/1.ppm v_coffeehouse/3.ppm 1.3308 -0.060097 223.54 0.17906 0.94189 -10.999 0.00034146 -4.4675e-05 0.99983
v_coffeehouse/1.ppm v_coffeehouse/4.ppm 2.5573 -0.039255 201.4 0.53809 1.609 -309.09 0.001126 1.1034e-05 0.99958
v_coffeehouse/1.ppm v_coffeehouse/6.ppm 2.9599 0.00703 244.64 0.78405 1.8789 -438.29 0.0018411 4.4095e-05 0.99694
v_charing/1.ppm v_charing/5.ppm 1.6284 1.0346 -954.33 -0.096789 2.5434 -782.98 -0.00078653 0.0011044 1
v_charing/1.ppm v_charing/2.ppm 4.3722 0.14407 -818.24 -0.25209 3.9595 -549.15 0.001718 0.0010825 0.97985
v_charing/1.ppm v_charing/3.ppm 14.984 -1.5209 -1987.5 0.59203 13.878 -3896.8 0.0072047 0.0038814 0.92614
v_charing/1.ppm v_charing/4.ppm 4.2518 1.1993 -1556.2 -0.61121 4.1483 -830.35 0.00015566 0.0020321 1.0097
v_charing/1.ppm v_charing/6.ppm 0.94181 0.89911 -557.03 -0.22626 2.1135 -616.27 -0.00093265 0.00074542 1
v_adam/1.ppm v_adam/5.ppm 1.0499 0.025643 108.77 0.19467 1.0054 -7.8895 0.0011218 -3.184e-05 1.0021
v_adam/1.ppm v_adam/2.ppm 1.1202 -0.0055862 43.04 0.17566 1.0194 -5.6786 0.00085767 -4.4625e-05 0.99922
v_adam/1.ppm v_adam/3.ppm 0.37083 -0.024499 139.16 -0.094573 0.62749 65.353 -0.00053805 -2.2225e-05 0.99885
v_adam/1.ppm v_adam/4.ppm 0.93964 0.025901 148.02 0.23489 0.99347 -0.40879 0.0012864 -2.1517e-05 0.99905
v_adam/1.ppm v_adam/6.ppm 0.22223 -0.016421 140.29 -0.12556 0.6155 64.723 -0.00070518 -2.3579e-06 1.0016
v_pomegranate/1.ppm v_pomegranate/5.ppm 0.60706 -0.0038039 8.0161 -0.11493 0.82492 81.214 -0.00024265 6.8249e-05 0.99908
v_pomegranate/1.ppm v_pomegranate/2.ppm 0.91628 -0.19782 70.502 0.072414 0.68419 -33.187 5.7127e-06 -0.00025258 0.99947
v_pomegranate/1.ppm v_pomegranate/3.ppm 1.4403 0.27154 10.734 0.071471 1.5534 -44.533 0.00030432 0.00049723 1.001
v_pomegranate/1.ppm v_pomegranate/4.ppm 1.0019 0.045013 144.39 0.13277 0.95284 -14.111 0.0002066 5.2875e-05 1
v_pomegranate/1.ppm v_pomegranate/6.ppm 0.64456 -0.10327 116.78 -0.1263 0.61314 104.03 -0.00015045 -0.00014605 1.0002
v_yard/1.ppm v_yard/5.ppm 1.9207 0.17258 153.68 0.62581 1.7293 -542.33 0.0010509 0.0001244 0.99848
v_yard/1.ppm v_yard/2.ppm 0.68905 -0.011986 -40.238 -0.14165 0.86672 60.575 -0.00022064 5.077e-05 0.99921
v_yard/1.ppm v_yard/3.ppm 0.81916 -0.19602 -221.9 -0.18509 0.99057 -55.575 -0.00033371 -0.00011673 0.99377
v_yard/1.ppm v_yard/4.ppm 1.3951 0.13641 136.74 0.31704 1.2758 -219.28 0.00053511 0.00013896 0.99675
v_yard/1.ppm v_yard/6.ppm 2.3515 0.16969 142.03 1.0602 2.1465 -778.33 0.0016806 -4.8949e-05 0.99537
v_woman/1.ppm v_woman/5.ppm 1.4351 -0.038 290.23 0.48702 1.2011 -120.76 0.0010757 2.4371e-05 0.99968
v_woman/1.ppm v_woman/2.ppm 1.0405 -0.022486 224.5 0.18267 0.86513 36.24 0.00035492 1.209e-05 1
v_woman/1.ppm v_woman/3.ppm 1.8954 -0.043603 197.83 0.50589 1.509 -236.95 0.0010644 -1.6279e-05 1.0115
v_woman/1.ppm v_woman/4.ppm 2.308 -0.067061 201.09 0.71494 1.8702 -412.16 0.0015273 -1.6972e-05 1.0162
v_woman/1.ppm v_woman/6.ppm 0.17608 -0.024321 273.19 -0.19809 0.7405 74.826 -0.00053318 1.2457e-05 1.0069
v_tabletop/1.ppm v_tabletop/5.ppm 0.38266 -0.33125 122.6 -0.21363 0.61581 225.35 -0.00034121 -7.7515e-06 0.99865
v_tabletop/1.ppm v_tabletop/2.ppm 1.0669 0.31109 194.1 -0.019953 0.9209 79.624 0.000135 -7.6705e-05 0.99977
v_tabletop/1.ppm v_tabletop/3.ppm 1.166 0.67224 140.62 0.15042 0.84157 135.55 0.00052524 6.3755e-06 0.99907
v_tabletop/1.ppm v_tabletop/4.ppm 0.43589 -0.39265 102.36 -0.19149 0.54282 236.58 -0.00030635 -8.0041e-05 1.0029
v_tabletop/1.ppm v_tabletop/6.ppm 0.40245 -0.33938 102.29 -0.2125 0.62381 216.78 -0.00033866 -1.5855e-05 1.0018
v_machines/1.ppm v_machines/5.ppm 0.25611 0.0594 88.294 -0.24702 0.7663 71.53 -0.00048162 6.7687e-05 1.0008
v_machines/1.ppm v_machines/2.ppm 1.4862 -0.061679 54.577 0.4606 1.2816 -147.5 0.0007321 -7.3842e-05 0.99895
v_machines/1.ppm v_machines/3.ppm 1.8454 -0.0093839 117.6 0.8533 1.9335 -566.11 0.0016091 6.8147e-05 1.0105
v_machines/1.ppm v_machines/4.ppm 0.47208 0.021042 63.836 -0.16332 0.73028 126.94 -0.00030371 2.4606e-05 0.99981
v_machines/1.ppm v_machines/6.ppm 0.69134 -0.0063829 116.24 0.0053381 0.71985 83.96 -1.8171e-05 2.7124e-05 1
v_yuri/1.ppm v_yuri/5.ppm 2.6481 0.070248 -423.11 0.5002 2.6605 -906.39 0.0012014 0.00025943 0.99533
v_yuri/1.ppm v_yuri/2.ppm 1.0035 -0.00055314 2.5255 -0.0028717 1.0087 -9.7285 -3.8783e-06 3.4244e-06 1
v_yuri/1.ppm v_yuri/3.ppm 0.80989 0.15593 -274.24 -0.19006 1.3082 -274.15 -0.00047728 0.0001622 1
v_yuri/1.ppm v_yuri/4.ppm 0.60773 0.30281 -259.26 -0.25592 1.5888 -521.05 -0.00079517 0.00030403 1
v_yuri/1.ppm v_yuri/6.ppm 5.1051 0.34986 -885.86 1.0306 5.9768 -2733.1 0.0033649 0.00099216 1
v_samples/1.ppm v_samples/5.ppm 0.76427 0.22206 44.035 0.077375 0.88384 134.35 -3.0125e-06 0.00025887 1.0001
v_samples/1.ppm v_samples/2.ppm 0.54304 0.026384 236.48 -0.041921 0.64806 87.13 -5.8662e-05 1.5685e-05 1
v_samples/1.ppm v_samples/3.ppm 0.72201 0.13445 62.975 0.059719 0.85126 46.305 -1.7322e-05 0.00018166 1.0001
v_samples/1.ppm v_samples/4.ppm 0.48275 -0.12831 276.04 -0.19138 0.40711 199.19 -5.6548e-05 -0.00023367 0.99912
v_samples/1.ppm v_samples/6.ppm 0.4849 -0.15095 280.72 -0.18568 0.38797 170.57 -4.9965e-05 -0.00024428 0.99985
v_there/1.ppm v_there/5.ppm 0.37216 0.091455 628.62 0.19003 0.73642 36.113 0.00026068 0.00010622 1.0027
v_there/1.ppm v_there/2.ppm 1.1304 0.022581 185.11 0.23407 1.1353 -135.46 0.00024565 6.1992e-06 0.99973
v_there/1.ppm v_there/3.ppm 0.68878 0.093715 545.2 0.23076 0.90959 -61.673 0.00030261 7.3668e-05 0.99921
v_there/1.ppm v_there/4.ppm 0.46461 0.085196 589.33 0.19659 0.76327 25.833 0.00026763 8.9486e-05 1.0006
v_there/1.ppm v_there/6.ppm 0.31483 0.11583 690.51 0.17546 0.70637 14.497 0.00026712 0.00012691 1
v_courses/1.ppm v_courses/5.ppm 0.24117 0.068506 48.185 -0.23318 0.79398 68.106 -0.0005259 5.079e-05 0.99834
v_courses/1.ppm v_courses/2.ppm 1.3587 -0.0059528 52.219 0.14127 1.2223 -104.69 0.00032175 -7.4735e-06 0.99967
v_courses/1.ppm v_courses/3.ppm 2.0992 0.031995 22.459 0.3749 1.8626 -395.34 0.00096116 1.0156e-05 1.0001
v_courses/1.ppm v_courses/4.ppm 0.43238 0.017751 13.594 -0.16588 0.77757 94.331 -0.00038565 2.1821e-05 1.0078
v_courses/1.ppm v_courses/6.ppm 0.19141 0.047907 71.695 -0.22333 0.83056 17.018 -0.00057922 7.0072e-05 1.0071
v_bip/1.ppm v_bip/5.ppm 0.4605 0.0019073 42.778 0.003918 0.45748 107.3 1.6895e-05 4.8733e-06 1.0001
v_bip/1.ppm v_bip/2.ppm 0.67783 0.002447 123 -0.00051063 0.68091 83.563 -2.5166e-06 5.6486e-06 1
v_bip/1.ppm v_bip/3.ppm 0.63669 0.0018872 137.9 -0.00033285 0.63926 95.922 -2.0441e-06 4.1104e-06 1
v_bip/1.ppm v_bip/4.ppm 0.66762 0.0032438 82.885 0.0020499 0.66883 28.8 6.1944e-06 1.0481e-05 1
v_bip/1.ppm v_bip/6.ppm 0.36889 0.0040287 216.07 0.00012238 0.37282 131.92 -8.6919e-07 1.1191e-05 1
v_wormhole/1.ppm v_wormhole/5.ppm 3.6472 0.14299 -426.33 0.62737 3.2151 -642.67 0.0026681 0.00051247 1.0208
v_wormhole/1.ppm v_wormhole/2.ppm 1.4733 -0.014435 76.772 0.25007 1.2556 -120.81 0.00088206 8.1414e-05 1.002
v_wormhole/1.ppm v_wormhole/3.ppm 0.81883 -0.28544 161.88 0.010536 0.53499 62.327 1.3163e-05 -0.00056443 1.0014
v_wormhole/1.ppm v_wormhole/4.ppm 0.53142 0.051881 46.158 -0.12728 0.81561 51.393 -0.00042766 5.2187e-05 1.0021
v_wormhole/1.ppm v_wormhole/6.ppm 0.0033111 0.031282 184.63 -0.15843 0.75999 4.5609 -0.00083562 0.00011238 0.99927
v_war/1.ppm v_war/5.ppm 0.37694 0.049406 111.53 -0.16444 0.72986 84.602 -0.00037753 4.0247e-05 0.99869
v_war/1.ppm v_war/2.ppm 1.8851 0.028166 274.85 0.48185 1.6951 -326.97 0.0011778 8.455e-05 0.99801
v_war/1.ppm v_war/3.ppm 1.9078 0.046746 393.27 0.54214 1.7927 -363.24 0.0013498 7.2715e-05 0.99879
v_war/1.ppm v_war/4.ppm 1.1198 0.031669 158.94 0.13747 0.986 -24.458 0.00036259 4.1267e-05 0.99658
v_war/1.ppm v_war/6.ppm 0.14586 0.056449 119.48 -0.21737 0.71439 95.786 -0.00051182 3.3282e-05 1.0008
v_tempera/1.ppm v_tempera/5.ppm 1.4219 0.01866 342.44 0.36005 1.3261 -141.73 0.00090969 2.3838e-05 1.0002
v_tempera/1.ppm v_tempera/2.ppm 0.6729 -0.01895 127.73 -0.015916 0.67847 176.42 -3.6225e-05 -3.2204e-05 1
v_tempera/1.ppm v_tempera/3.ppm 0.39258 0.005582 83.763 -0.13652 0.71351 79.57 -0.00038538 2.9499e-05 0.99992
v_tempera/1.ppm v_tempera/4.ppm 1.0505 -0.0053825 276.45 0.20631 0.92888 48.832 0.00048841 -1.9251e-05 0.99878
v_tempera/1.ppm v_tempera/6.ppm 0.13416 0.073075 56.977 -0.21333 0.70433 84.528 -0.00055481 6.1106e-05 1
v_sunseason/1.ppm v_sunseason/5.ppm 0.084461 -0.022036 252.3 -0.21 0.51325 245.38 -0.000447 -2.621e-05 1.0009
v_sunseason/1.ppm v_sunseason/2.ppm 0.8771 0.00026849 -1.1131 -0.035484 0.88589 36.525 -7.7192e-05 -1.833e-05 1
v_sunseason/1.ppm v_sunseason/3.ppm 0.62412 -0.044316 89.883 -0.094161 0.6779 150.63 -0.00020649 -6.7183e-05 0.99998
v_sunseason/1.ppm v_sunseason/4.ppm 0.1268 -0.03963 330.5 -0.1892 0.46973 254.2 -0.00039857 -3.9641e-05 0.99971
v_sunseason/1.ppm v_sunseason/6.ppm 0.044756 -0.016613 227.84 -0.21383 0.51639 263.96 -0.00046487 -1.73e-05 1.0018
